0, -270.0, 3.0, 82.0, 71.0, 

1, -41.0, 10.0, 62.0, 98.0, 

2, -50.0, 0.0, 57.0, 63.0, 

3, 145.0, 2.0, 59.0, 71.0, 

4, 73.0, -5.0, 52.0, 93.0, 

5, -3.0, 20.0, 74.0, 68.0, 

6, 64.0, 21.0, 56.0, 75.0, 

7, -66.0, 8.0, 96.0, 68.0, 

8, 106.0, 25.0, 61.0, 73.0, 

9, 44.0, 4.0, 56.0, 62.0, 

10, -109.0, 3.0, 61.0, 81.0, 

11, 89.0, 8.0, 78.0, 82.0, 

12, -57.0, 2.0, 45.0, 75.0, 

13, -12.0, 5.0, 54.0, 71.0, 

14, 315.0, 0.0, 50.0, 71.0, 

15, -114.0, -25.0, 65.0, 64.0, 

16, -141.0, 9.0, 68.0, 67.0, 

17, 39.0, 9.0, 59.0, 58.0, 

18, -56.0, -6.0, 67.0, 78.0, 

19, -117.0, 20.0, 70.0, 90.0, 

20, 65.0, 4.0, 63.0, 60.0, 

21, 12.0, -12.0, 68.0, 74.0, 

22, -314.0, 19.0, 68.0, 77.0, 

23, 1.0, 10.0, 58.0, 64.0, 

24, -85.0, -5.0, 58.0, 75.0, 

25, -33.0, -8.0, 62.0, 63.0, 

26, -153.0, 23.0, 63.0, 59.0, 

27, 100.0, 6.0, 78.0, 70.0, 

28, -27.0, -5.0, 62.0, 75.0, 

29, 9.0, -4.0, 77.0, 66.0, 

30, 56.0, -11.0, 60.0, 77.0, 

31, 102.0, 15.0, 75.0, 68.0, 

32, 22.0, -4.0, 66.0, 90.0, 

33, 172.0, -2.0, 65.0, 74.0, 

34, -102.0, 6.0, 85.0, 93.0, 

35, -95.0, -15.0, 87.0, 73.0, 

36, -3.0, -8.0, 74.0, 70.0, 

37, 139.0, -3.0, 68.0, 71.0, 

38, -14.0, 16.0, 58.0, 57.0, 

39, 123.0, 0.0, 48.0, 71.0, 

40, -127.0, 0.0, 65.0, 50.0, 

41, 3.0, 17.0, 83.0, 67.0, 

42, -2.0, 30.0, 56.0, 76.0, 

43, -100.0, 5.0, 87.0, 70.0, 

44, -141.0, -4.0, 72.0, 91.0, 

45, -14.0, 9.0, 89.0, 80.0, 

46, 34.0, -4.0, 63.0, 75.0, 

47, -75.0, -4.0, 93.0, 75.0, 

48, -53.0, 11.0, 49.0, 68.0, 

49, 162.0, 18.0, 56.0, 82.0, 

50, -110.0, -18.0, 67.0, 71.0, 

51, -257.0, 11.0, 89.0, 71.0, 

52, 75.0, 16.0, 70.0, 69.0, 

53, -31.0, 5.0, 64.0, 69.0, 

54, 14.0, 3.0, 57.0, 73.0, 

55, -89.0, -14.0, 53.0, 69.0, 

56, -246.0, 17.0, 54.0, 47.0, 

57, -104.0, -3.0, 68.0, 82.0, 

58, 129.0, 2.0, 77.0, 88.0, 

59, -53.0, 31.0, 76.0, 74.0, 

60, -211.0, -14.0, 70.0, 69.0, 

61, 238.0, -27.0, 66.0, 64.0, 

62, -54.0, -5.0, 61.0, 82.0, 

63, 6.0, 9.0, 69.0, 71.0, 

64, -24.0, -12.0, 65.0, 86.0, 

65, 83.0, -10.0, 81.0, 110.0, 

66, -191.0, 5.0, 54.0, 83.0, 

67, 26.0, -17.0, 87.0, 57.0, 

68, 8.0, 8.0, 69.0, 58.0, 

69, -3.0, -11.0, 58.0, 71.0, 

70, -57.0, -3.0, 79.0, 96.0, 

71, -50.0, 5.0, 84.0, 58.0, 

72, 142.0, -11.0, 59.0, 54.0, 

73, 158.0, -5.0, 89.0, 74.0, 

74, 185.0, -5.0, 61.0, 71.0, 

75, -2.0, 3.0, 64.0, 67.0, 

76, -162.0, 1.0, 99.0, 70.0, 

77, -52.0, -7.0, 72.0, 62.0, 

78, 113.0, 8.0, 57.0, 48.0, 

79, 29.0, 32.0, 72.0, 80.0, 

80, -80.0, -18.0, 56.0, 70.0, 

81, -35.0, 26.0, 75.0, 82.0, 

82, 46.0, -16.0, 69.0, 57.0, 

83, 103.0, 16.0, 72.0, 53.0, 

84, -18.0, 4.0, 62.0, 54.0, 

85, -40.0, 0.0, 53.0, 52.0, 

86, -29.0, -3.0, 64.0, 69.0, 

87, -9.0, 20.0, 64.0, 75.0, 

88, -123.0, 6.0, 56.0, 38.0, 

89, 70.0, 0.0, 69.0, 85.0, 

90, -105.0, 13.0, 79.0, 73.0, 

91, -75.0, -13.0, 36.0, 65.0, 

92, -20.0, 6.0, 72.0, 69.0, 

93, 58.0, 3.0, 70.0, 78.0, 

94, -110.0, 5.0, 75.0, 69.0, 

95, -51.0, 11.0, 78.0, 73.0, 

96, -98.0, -4.0, 58.0, 60.0, 

97, -54.0, 16.0, 34.0, 75.0, 

98, 81.0, 4.0, 54.0, 72.0, 

99, -39.0, -14.0, 46.0, 63.0, 

100, -60.0, -4.0, 64.0, 85.0, 

101, 10.0, -5.0, 73.0, 70.0, 

102, -49.0, -13.0, 60.0, 66.0, 

103, -41.0, -18.0, 72.0, 71.0, 

104, 64.0, 0.0, 52.0, 86.0, 

105, 139.0, -10.0, 62.0, 75.0, 

106, 136.0, -6.0, 74.0, 66.0, 

107, -82.0, 5.0, 62.0, 76.0, 

108, -52.0, 10.0, 55.0, 77.0, 

109, 61.0, -2.0, 60.0, 63.0, 

110, 153.0, 17.0, 72.0, 66.0, 

111, -86.0, -15.0, 83.0, 75.0, 

112, -77.0, 15.0, 62.0, 76.0, 

113, 88.0, -4.0, 61.0, 45.0, 

114, -88.0, 12.0, 70.0, 56.0, 

115, -18.0, 22.0, 48.0, 42.0, 

116, -115.0, 3.0, 81.0, 67.0, 

117, 179.0, 12.0, 72.0, 80.0, 

118, -52.0, 0.0, 67.0, 83.0, 

119, -210.0, -1.0, 56.0, 70.0, 

120, -59.0, -1.0, 49.0, 73.0, 

121, -76.0, 6.0, 67.0, 62.0, 

122, 66.0, 0.0, 73.0, 76.0, 

123, 149.0, 0.0, 55.0, 56.0, 

124, -123.0, 12.0, 71.0, 80.0, 

125, -134.0, 18.0, 42.0, 56.0, 

126, 75.0, 1.0, 62.0, 81.0, 

127, -307.0, 4.0, 64.0, 83.0, 

128, 90.0, -1.0, 58.0, 72.0, 

129, 57.0, -8.0, 77.0, 61.0, 

130, 231.0, 2.0, 60.0, 94.0, 

131, 290.0, 0.0, 87.0, 79.0, 

132, -111.0, 8.0, 82.0, 62.0, 

133, -262.0, 0.0, 72.0, 78.0, 

134, 25.0, 43.0, 74.0, 67.0, 

135, -37.0, 21.0, 61.0, 64.0, 

136, -56.0, -13.0, 69.0, 70.0, 

137, 80.0, -10.0, 77.0, 72.0, 

138, -2.0, -8.0, 55.0, 64.0, 

139, -41.0, -10.0, 80.0, 57.0, 

140, -29.0, 0.0, 77.0, 79.0, 

141, 63.0, -1.0, 78.0, 80.0, 

142, -148.0, 17.0, 63.0, 82.0, 

143, -159.0, 18.0, 59.0, 61.0, 

144, -37.0, 16.0, 48.0, 75.0, 

145, 258.0, -2.0, 90.0, 52.0, 

146, 111.0, -14.0, 50.0, 62.0, 

147, -204.0, -3.0, 55.0, 69.0, 

148, 72.0, 13.0, 81.0, 79.0, 

149, -96.0, 4.0, 81.0, 79.0, 

150, 63.0, 9.0, 62.0, 60.0, 

151, -53.0, 12.0, 86.0, 81.0, 

152, 31.0, 28.0, 94.0, 76.0, 

153, 49.0, 9.0, 59.0, 97.0, 

154, -33.0, 8.0, 55.0, 82.0, 

155, 80.0, 2.0, 67.0, 55.0, 

156, -55.0, 15.0, 60.0, 86.0, 

157, -21.0, -1.0, 71.0, 65.0, 

158, -275.0, 19.0, 70.0, 90.0, 

159, -6.0, -1.0, 69.0, 49.0, 

160, -69.0, 4.0, 64.0, 56.0, 

161, 78.0, -7.0, 76.0, 62.0, 

162, 59.0, 19.0, 86.0, 66.0, 

163, -92.0, 1.0, 83.0, 66.0, 

164, -81.0, 2.0, 64.0, 66.0, 

165, 0.0, 7.0, 70.0, 77.0, 

166, 89.0, 10.0, 64.0, 76.0, 

167, -95.0, 8.0, 59.0, 71.0, 

168, -28.0, 8.0, 72.0, 85.0, 

169, 24.0, 5.0, 68.0, 99.0, 

170, -106.0, 3.0, 60.0, 102.0, 

171, -27.0, 11.0, 78.0, 69.0, 

172, 94.0, 13.0, 70.0, 62.0, 

173, -170.0, 15.0, 63.0, 67.0, 

174, 114.0, -3.0, 69.0, 73.0, 

175, -317.0, -2.0, 62.0, 80.0, 

176, 163.0, 7.0, 59.0, 74.0, 

177, -191.0, 15.0, 71.0, 72.0, 

178, -81.0, -18.0, 52.0, 82.0, 

179, 91.0, -2.0, 68.0, 75.0, 

180, -97.0, -5.0, 80.0, 72.0, 

181, 22.0, -3.0, 65.0, 84.0, 

182, -73.0, 4.0, 79.0, 91.0, 

183, 4.0, 1.0, 51.0, 71.0, 

184, -114.0, -14.0, 68.0, 63.0, 

185, 77.0, -2.0, 66.0, 47.0, 

186, 105.0, 13.0, 72.0, 54.0, 

187, -49.0, 3.0, 63.0, 92.0, 

188, 3.0, 22.0, 62.0, 73.0, 

189, 7.0, -1.0, 47.0, 76.0, 

190, -117.0, 14.0, 71.0, 65.0, 

191, -87.0, 14.0, 61.0, 74.0, 

192, -127.0, 13.0, 54.0, 78.0, 

193, -217.0, -4.0, 61.0, 70.0, 

194, 167.0, 22.0, 68.0, 87.0, 

195, 227.0, 3.0, 74.0, 76.0, 

196, 102.0, 0.0, 87.0, 72.0, 

197, 250.0, 5.0, 56.0, 70.0, 

198, -92.0, 8.0, 87.0, 73.0, 

199, -2.0, -3.0, 46.0, 66.0, 

200, 21.0, 5.0, 61.0, 73.0, 

201, 45.0, 5.0, 68.0, 52.0, 

202, 21.0, -2.0, 58.0, 58.0, 

203, -120.0, 5.0, 75.0, 66.0, 

204, 206.0, 28.0, 74.0, 63.0, 

205, 147.0, -8.0, 74.0, 48.0, 

206, -118.0, 3.0, 59.0, 76.0, 

207, 118.0, 2.0, 80.0, 73.0, 

208, -143.0, 7.0, 54.0, 49.0, 

209, 19.0, -5.0, 60.0, 68.0, 

210, 168.0, -14.0, 77.0, 75.0, 

211, -93.0, -5.0, 68.0, 71.0, 

212, 122.0, 3.0, 71.0, 73.0, 

213, -13.0, 10.0, 69.0, 69.0, 

214, -12.0, 11.0, 54.0, 43.0, 

215, 141.0, -1.0, 61.0, 66.0, 

216, -82.0, 0.0, 73.0, 61.0, 

217, 83.0, 1.0, 59.0, 73.0, 

218, -7.0, -11.0, 60.0, 69.0, 

219, 34.0, -5.0, 68.0, 64.0, 

220, -183.0, -4.0, 58.0, 53.0, 

221, -35.0, 11.0, 69.0, 72.0, 

222, 77.0, 13.0, 68.0, 52.0, 

223, 77.0, 1.0, 71.0, 64.0, 

224, -38.0, 3.0, 62.0, 57.0, 

225, 39.0, -15.0, 41.0, 66.0, 

226, 70.0, -11.0, 65.0, 65.0, 

227, 139.0, -1.0, 61.0, 67.0, 

228, 230.0, 28.0, 71.0, 73.0, 

229, 131.0, -13.0, 72.0, 85.0, 

230, 79.0, 0.0, 57.0, 63.0, 

231, -44.0, 16.0, 72.0, 58.0, 

232, 90.0, -13.0, 66.0, 77.0, 

233, -79.0, 8.0, 64.0, 72.0, 

234, 149.0, 24.0, 68.0, 69.0, 

235, -38.0, 25.0, 54.0, 88.0, 

236, -14.0, -16.0, 84.0, 82.0, 

237, 8.0, -5.0, 78.0, 72.0, 

238, 130.0, 3.0, 75.0, 66.0, 

239, 4.0, 2.0, 63.0, 99.0, 

240, 59.0, -9.0, 58.0, 69.0, 

241, -11.0, 0.0, 78.0, 53.0, 

242, -69.0, 3.0, 74.0, 76.0, 

243, 94.0, 4.0, 75.0, 75.0, 

244, 28.0, -1.0, 60.0, 61.0, 

245, 149.0, 21.0, 80.0, 77.0, 

246, 77.0, 15.0, 67.0, 83.0, 

247, -137.0, 2.0, 61.0, 58.0, 

248, -37.0, 11.0, 76.0, 59.0, 

249, 10.0, -9.0, 93.0, 69.0, 

250, -75.0, -9.0, 69.0, 58.0, 

251, 198.0, 17.0, 63.0, 95.0, 

252, -99.0, 10.0, 77.0, 59.0, 

253, 8.0, -4.0, 68.0, 66.0, 

254, 80.0, -14.0, 62.0, 64.0, 

255, -83.0, 4.0, 44.0, 79.0, 

0, 69.0, 6.0, 53.0, 48.0, 

1, 55.0, -1.0, 66.0, 64.0, 

2, -64.0, 25.0, 49.0, 62.0, 

3, -8.0, 5.0, 81.0, 60.0, 

4, -156.0, -3.0, 76.0, 70.0, 

5, -12.0, 5.0, 70.0, 76.0, 

6, 45.0, -14.0, 77.0, 99.0, 

7, -87.0, 4.0, 80.0, 67.0, 

8, -46.0, -8.0, 55.0, 69.0, 

9, -168.0, -2.0, 75.0, 83.0, 

10, 111.0, -3.0, 61.0, 84.0, 

11, 155.0, 2.0, 67.0, 74.0, 

12, -65.0, 0.0, 58.0, 52.0, 

13, 150.0, -9.0, 73.0, 59.0, 

14, 93.0, 7.0, 65.0, 68.0, 

15, -29.0, 11.0, 79.0, 83.0, 

16, -11.0, 16.0, 64.0, 65.0, 

17, -1.0, 11.0, 83.0, 68.0, 

18, 136.0, -2.0, 69.0, 73.0, 

19, -44.0, 20.0, 96.0, 86.0, 

20, -147.0, -16.0, 67.0, 61.0, 

21, 99.0, -9.0, 72.0, 74.0, 

22, -98.0, 7.0, 61.0, 53.0, 

23, -48.0, 9.0, 75.0, 63.0, 

24, 12.0, 5.0, 58.0, 68.0, 

25, 40.0, 11.0, 87.0, 83.0, 

26, 96.0, -2.0, 64.0, 76.0, 

27, 35.0, 3.0, 73.0, 67.0, 

28, 3.0, 3.0, 84.0, 70.0, 

29, 8.0, 1.0, 73.0, 77.0, 

30, -178.0, 5.0, 63.0, 66.0, 

31, 75.0, -3.0, 70.0, 47.0, 

32, -214.0, 6.0, 66.0, 83.0, 

33, 136.0, -2.0, 61.0, 76.0, 

34, 96.0, -8.0, 64.0, 54.0, 

35, 91.0, -9.0, 63.0, 71.0, 

36, 244.0, 7.0, 69.0, 77.0, 

37, 208.0, 4.0, 75.0, 82.0, 

38, 11.0, 0.0, 70.0, 75.0, 

39, -28.0, 12.0, 70.0, 79.0, 

40, 53.0, 1.0, 55.0, 52.0, 

41, -30.0, -9.0, 73.0, 73.0, 

42, -146.0, 14.0, 65.0, 56.0, 

43, -146.0, 5.0, 70.0, 58.0, 

44, 90.0, -4.0, 68.0, 71.0, 

45, 49.0, -19.0, 61.0, 78.0, 

46, 23.0, -17.0, 58.0, 62.0, 

47, 318.0, -4.0, 79.0, 65.0, 

48, 6.0, 12.0, 51.0, 70.0, 

49, -23.0, 12.0, 63.0, 70.0, 

50, 72.0, -3.0, 72.0, 71.0, 

51, -144.0, 2.0, 58.0, 65.0, 

52, 0.0, -3.0, 64.0, 72.0, 

53, 184.0, 26.0, 58.0, 65.0, 

54, -192.0, 8.0, 61.0, 75.0, 

55, 22.0, 6.0, 78.0, 82.0, 

56, 11.0, -9.0, 78.0, 63.0, 

57, -26.0, 0.0, 67.0, 84.0, 

58, 78.0, -16.0, 73.0, 57.0, 

59, 60.0, 3.0, 55.0, 65.0, 

60, -25.0, -4.0, 68.0, 64.0, 

61, 157.0, 12.0, 58.0, 68.0, 

62, -25.0, 7.0, 66.0, 72.0, 

63, -28.0, -10.0, 48.0, 78.0, 

64, -18.0, 5.0, 68.0, 62.0, 

65, 78.0, -7.0, 72.0, 54.0, 

66, 118.0, 1.0, 86.0, 58.0, 

67, 42.0, 2.0, 68.0, 73.0, 

68, -10.0, 23.0, 76.0, 71.0, 

69, 264.0, -1.0, 59.0, 70.0, 

70, 41.0, -9.0, 85.0, 63.0, 

71, 26.0, 12.0, 101.0, 67.0, 

72, 201.0, 4.0, 53.0, 60.0, 

73, 64.0, 10.0, 72.0, 64.0, 

74, -86.0, 5.0, 54.0, 67.0, 

75, 142.0, 29.0, 62.0, 68.0, 

76, 41.0, -12.0, 55.0, 78.0, 

77, 22.0, 9.0, 73.0, 63.0, 

78, -43.0, 19.0, 67.0, 53.0, 

79, -100.0, -7.0, 84.0, 86.0, 

80, -77.0, -26.0, 93.0, 81.0, 

81, 214.0, 11.0, 56.0, 60.0, 

82, 121.0, -3.0, 61.0, 66.0, 

83, 57.0, 10.0, 68.0, 74.0, 

84, -52.0, -22.0, 62.0, 64.0, 

85, -116.0, 27.0, 69.0, 50.0, 

86, -50.0, 13.0, 56.0, 75.0, 

87, -31.0, 0.0, 53.0, 47.0, 

88, -45.0, 20.0, 63.0, 64.0, 

89, 98.0, -7.0, 58.0, 74.0, 

90, 34.0, 0.0, 45.0, 55.0, 

91, -178.0, -3.0, 56.0, 68.0, 

92, 93.0, 9.0, 79.0, 77.0, 

93, 98.0, -3.0, 76.0, 82.0, 

94, 44.0, 2.0, 46.0, 77.0, 

95, 163.0, -3.0, 55.0, 79.0, 

96, 216.0, -20.0, 59.0, 70.0, 

97, 39.0, -8.0, 58.0, 75.0, 

98, 23.0, -11.0, 58.0, 65.0, 

99, -155.0, 5.0, 73.0, 73.0, 

100, -266.0, 6.0, 71.0, 55.0, 

101, -178.0, 32.0, 66.0, 78.0, 

102, -172.0, 3.0, 72.0, 88.0, 

103, -18.0, 3.0, 76.0, 77.0, 

104, 233.0, 6.0, 87.0, 55.0, 

105, -88.0, 2.0, 57.0, 75.0, 

106, 139.0, -1.0, 61.0, 55.0, 

107, -55.0, -1.0, 81.0, 51.0, 

108, -29.0, 16.0, 74.0, 81.0, 

109, -63.0, -3.0, 57.0, 87.0, 

110, 28.0, 16.0, 66.0, 79.0, 

111, -31.0, -9.0, 65.0, 69.0, 

112, -62.0, 9.0, 60.0, 55.0, 

113, 227.0, -15.0, 74.0, 72.0, 

114, -93.0, 6.0, 74.0, 82.0, 

115, -54.0, 11.0, 73.0, 73.0, 

116, 60.0, -16.0, 77.0, 79.0, 

117, 35.0, 5.0, 70.0, 76.0, 

118, -13.0, 4.0, 49.0, 75.0, 

119, 130.0, 2.0, 47.0, 69.0, 

120, 94.0, -5.0, 52.0, 73.0, 

121, 22.0, 6.0, 47.0, 65.0, 

122, 97.0, -6.0, 73.0, 79.0, 

123, 22.0, -1.0, 56.0, 47.0, 

124, 209.0, -1.0, 76.0, 61.0, 

125, 51.0, 10.0, 78.0, 80.0, 

126, 9.0, 10.0, 68.0, 67.0, 

127, -182.0, -1.0, 73.0, 59.0, 

128, 10.0, 6.0, 62.0, 67.0, 

129, -2.0, 2.0, 71.0, 79.0, 

130, 91.0, -22.0, 69.0, 78.0, 

131, 108.0, 6.0, 66.0, 82.0, 

132, -177.0, 8.0, 43.0, 66.0, 

133, 256.0, 14.0, 58.0, 74.0, 

134, 45.0, -4.0, 68.0, 60.0, 

135, -185.0, 14.0, 54.0, 72.0, 

136, -128.0, -3.0, 72.0, 60.0, 

137, -256.0, -12.0, 76.0, 72.0, 

138, 51.0, -6.0, 82.0, 56.0, 

139, -216.0, 15.0, 41.0, 96.0, 

140, 23.0, -29.0, 66.0, 71.0, 

141, -55.0, 0.0, 63.0, 78.0, 

142, 76.0, -34.0, 69.0, 75.0, 

143, 185.0, 9.0, 86.0, 72.0, 

144, 49.0, 3.0, 52.0, 66.0, 

145, -5.0, 8.0, 67.0, 68.0, 

146, -13.0, 20.0, 51.0, 66.0, 

147, 29.0, 19.0, 79.0, 72.0, 

148, 23.0, 2.0, 63.0, 78.0, 

149, 10.0, -1.0, 78.0, 72.0, 

150, 66.0, 6.0, 48.0, 67.0, 

151, -144.0, 15.0, 78.0, 68.0, 

152, 124.0, -5.0, 71.0, 59.0, 

153, 42.0, -23.0, 77.0, 84.0, 

154, 50.0, 4.0, 84.0, 76.0, 

155, -137.0, -4.0, 77.0, 63.0, 

156, 48.0, 14.0, 69.0, 91.0, 

157, -53.0, 0.0, 88.0, 67.0, 

158, 109.0, 3.0, 72.0, 63.0, 

159, 30.0, -8.0, 83.0, 69.0, 

160, 261.0, 9.0, 71.0, 60.0, 

161, -40.0, -8.0, 50.0, 71.0, 

162, 202.0, 17.0, 74.0, 60.0, 

163, 59.0, -7.0, 64.0, 66.0, 

164, 24.0, -9.0, 64.0, 69.0, 

165, 44.0, 19.0, 51.0, 70.0, 

166, -236.0, -27.0, 80.0, 74.0, 

167, -36.0, 4.0, 84.0, 70.0, 

168, 0.0, 5.0, 66.0, 66.0, 

169, 69.0, -15.0, 65.0, 82.0, 

170, -46.0, 3.0, 64.0, 65.0, 

171, -100.0, 5.0, 63.0, 73.0, 

172, -79.0, -2.0, 71.0, 72.0, 

173, 30.0, -10.0, 52.0, 73.0, 

174, -76.0, -4.0, 83.0, 59.0, 

175, 62.0, 15.0, 43.0, 62.0, 

176, -15.0, 17.0, 58.0, 65.0, 

177, -36.0, -11.0, 44.0, 55.0, 

178, -35.0, 9.0, 66.0, 61.0, 

179, -8.0, 3.0, 61.0, 75.0, 

180, 158.0, 1.0, 52.0, 74.0, 

181, -140.0, 18.0, 64.0, 56.0, 

182, 45.0, 11.0, 62.0, 90.0, 

183, 19.0, 17.0, 73.0, 82.0, 

184, 232.0, 15.0, 63.0, 33.0, 

185, 153.0, 4.0, 70.0, 87.0, 

186, 34.0, -8.0, 84.0, 78.0, 

187, 125.0, -2.0, 52.0, 63.0, 

188, -128.0, 29.0, 72.0, 93.0, 

189, -68.0, 1.0, 64.0, 73.0, 

190, -7.0, 0.0, 61.0, 58.0, 

191, 72.0, -8.0, 86.0, 62.0, 

192, 56.0, -5.0, 72.0, 83.0, 

193, -20.0, -23.0, 38.0, 57.0, 

194, 79.0, 13.0, 65.0, 64.0, 

195, 114.0, 8.0, 77.0, 79.0, 

196, 132.0, -4.0, 65.0, 69.0, 

197, 209.0, -18.0, 62.0, 53.0, 

198, 129.0, -2.0, 74.0, 48.0, 

199, -192.0, 22.0, 64.0, 63.0, 

200, 143.0, -13.0, 63.0, 84.0, 

201, 136.0, 8.0, 58.0, 77.0, 

202, 86.0, 12.0, 61.0, 53.0, 

203, 128.0, 8.0, 46.0, 75.0, 

204, -222.0, 2.0, 60.0, 65.0, 

205, 129.0, 1.0, 59.0, 66.0, 

206, 132.0, 2.0, 56.0, 89.0, 

207, -18.0, 1.0, 61.0, 94.0, 

208, -83.0, -3.0, 79.0, 67.0, 

209, 99.0, -8.0, 49.0, 74.0, 

210, -88.0, 4.0, 70.0, 88.0, 

211, 27.0, 4.0, 63.0, 70.0, 

212, 124.0, 32.0, 72.0, 70.0, 

213, -165.0, 11.0, 81.0, 78.0, 

214, 150.0, 6.0, 64.0, 73.0, 

215, -226.0, -5.0, 44.0, 75.0, 

216, -39.0, 7.0, 74.0, 82.0, 

217, 71.0, 4.0, 85.0, 80.0, 

218, -131.0, 3.0, 67.0, 66.0, 

219, -30.0, -5.0, 55.0, 68.0, 

220, -10.0, -1.0, 72.0, 64.0, 

221, 11.0, 1.0, 77.0, 57.0, 

222, 265.0, 23.0, 75.0, 92.0, 

223, -82.0, -1.0, 71.0, 63.0, 

224, 78.0, 9.0, 55.0, 75.0, 

225, -211.0, 11.0, 66.0, 93.0, 

226, 59.0, 5.0, 58.0, 53.0, 

227, -73.0, 3.0, 63.0, 61.0, 

228, 62.0, 11.0, 62.0, 60.0, 

229, -85.0, 9.0, 52.0, 72.0, 

230, -34.0, -1.0, 73.0, 89.0, 

231, 26.0, 0.0, 66.0, 64.0, 

232, -145.0, -5.0, 50.0, 71.0, 

233, -142.0, 0.0, 68.0, 78.0, 

234, 38.0, 7.0, 58.0, 54.0, 

235, 46.0, 0.0, 65.0, 52.0, 

236, 111.0, 29.0, 70.0, 76.0, 

237, 146.0, -20.0, 55.0, 74.0, 

238, 59.0, -3.0, 34.0, 75.0, 

239, 155.0, 0.0, 38.0, 68.0, 

240, 67.0, 1.0, 58.0, 64.0, 

241, 148.0, -4.0, 58.0, 70.0, 

242, -59.0, -1.0, 60.0, 63.0, 

243, -45.0, 18.0, 65.0, 68.0, 

244, -78.0, 19.0, 66.0, 81.0, 

245, -83.0, -9.0, 57.0, 62.0, 

246, 155.0, 6.0, 55.0, 67.0, 

247, 123.0, 12.0, 39.0, 61.0, 

248, 55.0, -2.0, 91.0, 71.0, 

249, 129.0, 4.0, 60.0, 68.0, 

250, 153.0, -2.0, 60.0, 83.0, 

251, 43.0, 3.0, 60.0, 59.0, 

252, -69.0, 4.0, 62.0, 65.0, 

253, 31.0, -5.0, 63.0, 76.0, 

254, -21.0, 2.0, 86.0, 68.0, 

255, -70.0, 1.0, 64.0, 72.0, 

0, 81.0, 19.0, 63.0, 81.0, 

1, -188.0, -21.0, 61.0, 77.0, 

2, 95.0, 5.0, 57.0, 83.0, 

3, -38.0, 4.0, 63.0, 49.0, 

4, -147.0, -4.0, 58.0, 58.0, 

5, 161.0, 11.0, 84.0, 58.0, 

6, -34.0, 10.0, 82.0, 79.0, 

7, -18.0, 5.0, 70.0, 71.0, 

8, 69.0, -6.0, 67.0, 80.0, 

9, 106.0, -10.0, 60.0, 78.0, 

10, -59.0, 4.0, 62.0, 79.0, 

11, -64.0, 16.0, 66.0, 59.0, 

12, -54.0, 8.0, 53.0, 72.0, 

13, 181.0, -8.0, 55.0, 62.0, 

14, 104.0, 5.0, 90.0, 64.0, 

15, -182.0, 1.0, 81.0, 71.0, 

16, 10.0, 4.0, 53.0, 58.0, 

17, 3.0, 11.0, 76.0, 60.0, 

18, -15.0, 14.0, 77.0, 65.0, 

19, 66.0, -19.0, 58.0, 85.0, 

20, -64.0, 4.0, 76.0, 65.0, 

21, -61.0, -14.0, 81.0, 78.0, 

22, -198.0, -8.0, 83.0, 57.0, 

23, -18.0, -15.0, 67.0, 88.0, 

24, 79.0, -8.0, 76.0, 62.0, 

25, -25.0, 30.0, 56.0, 57.0, 

26, 218.0, 26.0, 68.0, 74.0, 

27, 42.0, 19.0, 67.0, 82.0, 

28, -10.0, -7.0, 92.0, 45.0, 

29, -68.0, -3.0, 69.0, 99.0, 

30, -71.0, 3.0, 71.0, 75.0, 

31, 83.0, 8.0, 57.0, 72.0, 

32, 30.0, -6.0, 71.0, 72.0, 

33, -1.0, -11.0, 61.0, 84.0, 

34, 62.0, 11.0, 62.0, 60.0, 

35, 12.0, -8.0, 59.0, 64.0, 

36, -26.0, 0.0, 92.0, 76.0, 

37, 47.0, 11.0, 56.0, 57.0, 

38, 23.0, -11.0, 56.0, 64.0, 

39, 68.0, 23.0, 74.0, 48.0, 

40, 91.0, -5.0, 62.0, 71.0, 

41, -60.0, 9.0, 67.0, 74.0, 

42, 118.0, 16.0, 55.0, 72.0, 

43, 3.0, -2.0, 69.0, 56.0, 

44, -203.0, 0.0, 57.0, 65.0, 

45, 188.0, 9.0, 54.0, 92.0, 

46, -180.0, 18.0, 70.0, 76.0, 

47, 0.0, -2.0, 57.0, 48.0, 

48, -18.0, -9.0, 46.0, 50.0, 

49, -71.0, -11.0, 56.0, 59.0, 

50, -99.0, -18.0, 66.0, 77.0, 

51, 96.0, 7.0, 81.0, 60.0, 

52, 44.0, -7.0, 68.0, 88.0, 

53, -80.0, 3.0, 72.0, 86.0, 

54, -22.0, 4.0, 72.0, 68.0, 

55, 15.0, 5.0, 85.0, 69.0, 

56, -44.0, 17.0, 88.0, 93.0, 

57, -8.0, 16.0, 59.0, 59.0, 

58, 95.0, 10.0, 64.0, 53.0, 

59, -36.0, 2.0, 79.0, 68.0, 

60, 116.0, 1.0, 60.0, 91.0, 

61, -132.0, -4.0, 69.0, 66.0, 

62, 8.0, 0.0, 53.0, 69.0, 

63, -119.0, -10.0, 57.0, 70.0, 

64, 118.0, 2.0, 60.0, 77.0, 

65, -29.0, 5.0, 80.0, 72.0, 

66, -42.0, 19.0, 60.0, 66.0, 

67, 23.0, -13.0, 63.0, 73.0, 

68, -20.0, 9.0, 69.0, 80.0, 

69, 82.0, -3.0, 63.0, 74.0, 

70, -10.0, -10.0, 85.0, 50.0, 

71, -113.0, 5.0, 62.0, 68.0, 

72, -154.0, -12.0, 62.0, 65.0, 

73, -18.0, -17.0, 88.0, 62.0, 

74, 122.0, 8.0, 66.0, 77.0, 

75, -255.0, 9.0, 75.0, 72.0, 

76, -154.0, 9.0, 83.0, 85.0, 

77, -122.0, 5.0, 88.0, 77.0, 

78, -46.0, -11.0, 77.0, 80.0, 

79, 39.0, -1.0, 70.0, 66.0, 

80, -11.0, 5.0, 64.0, 63.0, 

81, -126.0, 10.0, 59.0, 79.0, 

82, -44.0, -17.0, 77.0, 75.0, 

83, 24.0, 2.0, 72.0, 61.0, 

84, 0.0, -14.0, 56.0, 79.0, 

85, 37.0, 6.0, 86.0, 65.0, 

86, 112.0, 11.0, 69.0, 62.0, 

87, 33.0, -7.0, 56.0, 49.0, 

88, -95.0, 9.0, 69.0, 62.0, 

89, -48.0, 15.0, 75.0, 81.0, 

90, -216.0, 17.0, 90.0, 72.0, 

91, -141.0, 5.0, 52.0, 64.0, 

92, -68.0, -1.0, 63.0, 68.0, 

93, -67.0, -6.0, 57.0, 79.0, 

94, -32.0, 6.0, 49.0, 75.0, 

95, -75.0, 2.0, 75.0, 75.0, 

96, 22.0, 4.0, 58.0, 62.0, 

97, -133.0, -11.0, 65.0, 59.0, 

98, 27.0, -16.0, 67.0, 68.0, 

99, -34.0, 5.0, 61.0, 79.0, 

100, 127.0, 17.0, 39.0, 68.0, 

101, 102.0, -5.0, 61.0, 70.0, 

102, 151.0, 2.0, 64.0, 77.0, 

103, 170.0, 25.0, 49.0, 61.0, 

104, -27.0, 0.0, 81.0, 48.0, 

105, 206.0, -7.0, 54.0, 63.0, 

106, -112.0, -2.0, 67.0, 72.0, 

107, 43.0, 1.0, 68.0, 68.0, 

108, -74.0, 0.0, 52.0, 81.0, 

109, 70.0, 13.0, 60.0, 73.0, 

110, 117.0, -11.0, 53.0, 74.0, 

111, 137.0, 19.0, 64.0, 74.0, 

112, 22.0, 0.0, 81.0, 65.0, 

113, 289.0, -1.0, 51.0, 72.0, 

114, 75.0, 0.0, 60.0, 79.0, 

115, 20.0, -1.0, 70.0, 69.0, 

116, -51.0, -15.0, 81.0, 83.0, 

117, 138.0, 19.0, 54.0, 57.0, 

118, 99.0, -13.0, 54.0, 68.0, 

119, 88.0, 2.0, 79.0, 75.0, 

120, 110.0, -9.0, 80.0, 55.0, 

121, -60.0, 10.0, 63.0, 70.0, 

122, -129.0, 3.0, 76.0, 77.0, 

123, 97.0, 3.0, 71.0, 81.0, 

124, -26.0, 22.0, 47.0, 54.0, 

125, -117.0, 6.0, 65.0, 98.0, 

126, 20.0, 0.0, 67.0, 82.0, 

127, 64.0, 2.0, 83.0, 65.0, 

128, -42.0, 1.0, 83.0, 59.0, 

129, -28.0, 0.0, 83.0, 77.0, 

130, 58.0, -9.0, 75.0, 89.0, 

131, -66.0, 9.0, 55.0, 74.0, 

132, 12.0, 16.0, 73.0, 65.0, 

133, 17.0, 19.0, 69.0, 73.0, 

134, -75.0, 6.0, 61.0, 63.0, 

135, 131.0, 0.0, 50.0, 69.0, 

136, 272.0, 5.0, 87.0, 64.0, 

137, 128.0, -10.0, 53.0, 54.0, 

138, 72.0, 7.0, 43.0, 66.0, 

139, -102.0, 14.0, 58.0, 87.0, 

140, 10.0, 4.0, 69.0, 63.0, 

141, -119.0, 15.0, 74.0, 61.0, 

142, 105.0, 21.0, 68.0, 77.0, 

143, 10.0, 8.0, 69.0, 54.0, 

144, 142.0, 13.0, 76.0, 63.0, 

145, 131.0, 1.0, 71.0, 88.0, 

146, -3.0, 5.0, 76.0, 76.0, 

147, -23.0, -4.0, 59.0, 59.0, 

148, 36.0, 23.0, 98.0, 74.0, 

149, -62.0, 9.0, 70.0, 49.0, 

150, 61.0, 1.0, 73.0, 73.0, 

151, -225.0, 21.0, 43.0, 73.0, 

152, -215.0, 17.0, 70.0, 77.0, 

153, 7.0, 4.0, 57.0, 80.0, 

154, 127.0, 16.0, 78.0, 82.0, 

155, -2.0, 22.0, 73.0, 65.0, 

156, 389.0, 9.0, 79.0, 64.0, 

157, -15.0, 18.0, 66.0, 81.0, 

158, -3.0, 5.0, 67.0, 89.0, 

159, 161.0, -16.0, 85.0, 62.0, 

160, -195.0, 20.0, 52.0, 65.0, 

161, -15.0, 1.0, 56.0, 80.0, 

162, 1.0, 2.0, 78.0, 81.0, 

163, -15.0, -10.0, 75.0, 70.0, 

164, 160.0, 12.0, 61.0, 73.0, 

165, 126.0, 17.0, 54.0, 56.0, 

166, -57.0, 4.0, 74.0, 85.0, 

167, 83.0, 11.0, 57.0, 72.0, 

168, -114.0, 2.0, 73.0, 69.0, 

169, 61.0, 3.0, 74.0, 70.0, 

170, -133.0, 18.0, 62.0, 71.0, 

171, -190.0, 13.0, 88.0, 75.0, 

172, 11.0, -3.0, 35.0, 87.0, 

173, 156.0, 16.0, 86.0, 82.0, 

174, 39.0, 11.0, 67.0, 71.0, 

175, 60.0, -11.0, 57.0, 91.0, 

176, 122.0, 17.0, 68.0, 78.0, 

177, -10.0, 0.0, 94.0, 69.0, 

178, 193.0, 7.0, 73.0, 46.0, 

179, -220.0, 5.0, 66.0, 70.0, 

180, -6.0, -11.0, 78.0, 63.0, 

181, -175.0, -5.0, 74.0, 61.0, 

182, 156.0, 5.0, 60.0, 68.0, 

183, 133.0, 1.0, 60.0, 64.0, 

184, -93.0, 13.0, 41.0, 71.0, 

185, 70.0, -20.0, 59.0, 74.0, 

186, 5.0, -16.0, 68.0, 80.0, 

187, -193.0, 22.0, 51.0, 79.0, 

188, -141.0, 0.0, 63.0, 66.0, 

189, 63.0, 3.0, 80.0, 64.0, 

190, -121.0, -16.0, 73.0, 87.0, 

191, -20.0, 19.0, 64.0, 56.0, 

192, -20.0, -1.0, 60.0, 73.0, 

193, 198.0, -12.0, 62.0, 82.0, 

194, -101.0, -6.0, 64.0, 76.0, 

195, -82.0, 15.0, 82.0, 61.0, 

196, -111.0, -14.0, 76.0, 60.0, 

197, 263.0, 8.0, 65.0, 60.0, 

198, 31.0, 1.0, 65.0, 75.0, 

199, -104.0, 15.0, 58.0, 57.0, 

200, 289.0, 0.0, 85.0, 72.0, 

201, 54.0, -4.0, 50.0, 59.0, 

202, 45.0, 5.0, 69.0, 86.0, 

203, 12.0, 10.0, 54.0, 91.0, 

204, 108.0, 0.0, 86.0, 61.0, 

205, -85.0, -8.0, 55.0, 84.0, 

206, 39.0, -8.0, 67.0, 53.0, 

207, -66.0, -17.0, 72.0, 72.0, 

208, 94.0, 25.0, 66.0, 72.0, 

209, 194.0, 5.0, 61.0, 65.0, 

210, -80.0, 2.0, 81.0, 74.0, 

211, 27.0, 2.0, 63.0, 73.0, 

212, 11.0, 14.0, 67.0, 66.0, 

213, 233.0, 23.0, 60.0, 56.0, 

214, -88.0, 24.0, 53.0, 70.0, 

215, 95.0, 1.0, 59.0, 73.0, 

216, -75.0, 8.0, 53.0, 71.0, 

217, 133.0, -1.0, 47.0, 86.0, 

218, -96.0, -5.0, 72.0, 79.0, 

219, 50.0, 28.0, 87.0, 70.0, 

220, 88.0, -10.0, 54.0, 81.0, 

221, -93.0, 31.0, 56.0, 50.0, 

222, 10.0, 7.0, 74.0, 78.0, 

223, -32.0, 4.0, 71.0, 42.0, 

224, -149.0, 6.0, 79.0, 82.0, 

225, -119.0, 0.0, 56.0, 85.0, 

226, -126.0, -5.0, 69.0, 62.0, 

227, -11.0, 9.0, 59.0, 86.0, 

228, 38.0, 7.0, 67.0, 65.0, 

229, 83.0, -8.0, 62.0, 58.0, 

230, 28.0, 19.0, 58.0, 94.0, 

231, -89.0, -13.0, 56.0, 62.0, 

232, -6.0, 8.0, 71.0, 75.0, 

233, -97.0, -6.0, 79.0, 84.0, 

234, 2.0, -7.0, 59.0, 55.0, 

235, 153.0, -3.0, 70.0, 83.0, 

236, 130.0, -11.0, 45.0, 65.0, 

237, 84.0, 22.0, 66.0, 62.0, 

238, 59.0, -1.0, 52.0, 72.0, 

239, 81.0, -5.0, 63.0, 87.0, 

240, 81.0, 19.0, 78.0, 77.0, 

241, 49.0, 11.0, 56.0, 55.0, 

242, 109.0, -9.0, 69.0, 83.0, 

243, -84.0, 7.0, 80.0, 49.0, 

244, -189.0, 10.0, 75.0, 59.0, 

245, 16.0, 0.0, 62.0, 67.0, 

246, 37.0, 7.0, 58.0, 81.0, 

247, -89.0, 16.0, 86.0, 65.0, 

248, 30.0, -6.0, 65.0, 75.0, 

249, 76.0, -1.0, 47.0, 90.0, 

250, -138.0, -5.0, 64.0, 67.0, 

251, 42.0, 5.0, 40.0, 47.0, 

252, 8.0, -14.0, 67.0, 83.0, 

253, 241.0, -16.0, 61.0, 80.0, 

254, -132.0, -2.0, 78.0, 72.0, 

255, -45.0, -8.0, 82.0, 57.0, 

0, -280.0, -10.0, 57.0, 55.0, 

1, 0.0, -2.0, 76.0, 67.0, 

2, 175.0, 5.0, 65.0, 62.0, 

3, 177.0, -15.0, 52.0, 69.0, 

4, -121.0, 4.0, 78.0, 71.0, 

5, 64.0, -3.0, 61.0, 68.0, 

6, -141.0, -1.0, 54.0, 81.0, 

7, 160.0, 15.0, 91.0, 69.0, 

8, 97.0, -8.0, 70.0, 58.0, 

9, -53.0, 25.0, 52.0, 49.0, 

10, 57.0, -18.0, 63.0, 86.0, 

11, 54.0, -6.0, 63.0, 66.0, 

12, 130.0, 0.0, 73.0, 79.0, 

13, 145.0, 4.0, 56.0, 74.0, 

14, 31.0, 10.0, 66.0, 76.0, 

15, -48.0, -1.0, 82.0, 70.0, 

16, 173.0, -1.0, 60.0, 61.0, 

17, 48.0, -1.0, 58.0, 68.0, 

18, 124.0, 16.0, 61.0, 84.0, 

19, 222.0, 1.0, 55.0, 74.0, 

20, -160.0, 23.0, 65.0, 76.0, 

21, -74.0, 19.0, 64.0, 60.0, 

22, -79.0, -6.0, 69.0, 46.0, 

23, 125.0, 11.0, 76.0, 80.0, 

24, 235.0, 17.0, 68.0, 67.0, 

25, -112.0, 19.0, 65.0, 82.0, 

26, 67.0, -22.0, 61.0, 91.0, 

27, -70.0, 1.0, 70.0, 57.0, 

28, 24.0, 23.0, 68.0, 57.0, 

29, -117.0, 4.0, 74.0, 70.0, 

30, 69.0, 17.0, 77.0, 68.0, 

31, -95.0, -10.0, 75.0, 77.0, 

32, -37.0, -8.0, 51.0, 57.0, 

33, -95.0, 0.0, 84.0, 76.0, 

34, 59.0, -4.0, 56.0, 68.0, 

35, 298.0, 2.0, 66.0, 77.0, 

36, 17.0, -10.0, 56.0, 65.0, 

37, -163.0, 3.0, 80.0, 69.0, 

38, -185.0, -11.0, 62.0, 71.0, 

39, -25.0, 19.0, 68.0, 66.0, 

40, 88.0, -7.0, 78.0, 54.0, 

41, 268.0, 4.0, 73.0, 84.0, 

42, -2.0, 0.0, 72.0, 80.0, 

43, 42.0, -7.0, 74.0, 61.0, 

44, -87.0, 27.0, 67.0, 75.0, 

45, 94.0, -26.0, 56.0, 69.0, 

46, -29.0, 6.0, 58.0, 87.0, 

47, -92.0, -16.0, 69.0, 70.0, 

48, 27.0, 0.0, 71.0, 56.0, 

49, -6.0, 8.0, 63.0, 76.0, 

50, -263.0, -12.0, 68.0, 88.0, 

51, -66.0, 13.0, 91.0, 69.0, 

52, 118.0, 19.0, 70.0, 57.0, 

53, -53.0, 2.0, 73.0, 72.0, 

54, 200.0, 14.0, 84.0, 78.0, 

55, -32.0, 19.0, 57.0, 57.0, 

56, 57.0, 2.0, 57.0, 60.0, 

57, 125.0, -12.0, 72.0, 58.0, 

58, 18.0, 13.0, 54.0, 66.0, 

59, 115.0, 4.0, 58.0, 57.0, 

60, -98.0, 1.0, 84.0, 69.0, 

61, -111.0, 0.0, 56.0, 59.0, 

62, -34.0, 13.0, 78.0, 66.0, 

63, 101.0, -11.0, 65.0, 57.0, 

64, 68.0, 9.0, 64.0, 52.0, 

65, 52.0, 8.0, 47.0, 64.0, 

66, -23.0, -11.0, 52.0, 58.0, 

67, -75.0, -21.0, 66.0, 53.0, 

68, -55.0, 3.0, 49.0, 69.0, 

69, -74.0, 14.0, 66.0, 68.0, 

70, 367.0, -6.0, 89.0, 63.0, 

71, 22.0, 15.0, 66.0, 84.0, 

72, 117.0, -5.0, 73.0, 67.0, 

73, 117.0, -6.0, 75.0, 57.0, 

74, 97.0, -17.0, 54.0, 92.0, 

75, 164.0, 19.0, 35.0, 68.0, 

76, -229.0, -1.0, 62.0, 79.0, 

77, 121.0, 1.0, 71.0, 65.0, 

78, 100.0, -8.0, 63.0, 80.0, 

79, 133.0, 8.0, 58.0, 67.0, 

80, -130.0, 1.0, 66.0, 72.0, 

81, -19.0, 15.0, 50.0, 91.0, 

82, -69.0, 0.0, 62.0, 56.0, 

83, -3.0, 2.0, 80.0, 66.0, 

84, 36.0, -1.0, 55.0, 45.0, 

85, 23.0, 4.0, 68.0, 69.0, 

86, -118.0, -20.0, 64.0, 65.0, 

87, 9.0, -2.0, 65.0, 62.0, 

88, -60.0, 0.0, 53.0, 45.0, 

89, -228.0, 0.0, 88.0, 85.0, 

90, -120.0, 7.0, 43.0, 45.0, 

91, -47.0, -27.0, 64.0, 58.0, 

92, -35.0, 10.0, 73.0, 61.0, 

93, -38.0, -1.0, 82.0, 101.0, 

94, -165.0, -2.0, 80.0, 63.0, 

95, -48.0, 16.0, 57.0, 81.0, 

96, -8.0, 5.0, 67.0, 82.0, 

97, -60.0, -12.0, 67.0, 68.0, 

98, -61.0, -3.0, 71.0, 68.0, 

99, 15.0, -6.0, 77.0, 89.0, 

100, -81.0, 12.0, 74.0, 84.0, 

101, -10.0, -1.0, 55.0, 79.0, 

102, -113.0, 2.0, 63.0, 79.0, 

103, 44.0, 18.0, 67.0, 69.0, 

104, 40.0, -15.0, 62.0, 78.0, 

105, -90.0, 28.0, 68.0, 72.0, 

106, -210.0, -5.0, 60.0, 76.0, 

107, -113.0, 11.0, 49.0, 83.0, 

108, 79.0, -2.0, 40.0, 60.0, 

109, 45.0, 10.0, 76.0, 63.0, 

110, 189.0, 8.0, 74.0, 75.0, 

111, -200.0, 9.0, 61.0, 84.0, 

112, 9.0, 16.0, 60.0, 62.0, 

113, -13.0, 11.0, 79.0, 75.0, 

114, 56.0, -22.0, 47.0, 67.0, 

115, 87.0, -7.0, 76.0, 68.0, 

116, 140.0, -1.0, 63.0, 72.0, 

117, 8.0, -2.0, 68.0, 87.0, 

118, 221.0, -6.0, 81.0, 86.0, 

119, -16.0, 17.0, 72.0, 82.0, 

120, 130.0, 12.0, 83.0, 80.0, 

121, 133.0, -8.0, 80.0, 76.0, 

122, 67.0, 7.0, 65.0, 72.0, 

123, 81.0, -7.0, 82.0, 69.0, 

124, 72.0, 13.0, 62.0, 71.0, 

125, -69.0, 8.0, 77.0, 71.0, 

126, 107.0, 25.0, 62.0, 62.0, 

127, -74.0, 13.0, 50.0, 65.0, 

128, 42.0, -3.0, 43.0, 92.0, 

129, -41.0, 6.0, 59.0, 63.0, 

130, -12.0, 8.0, 83.0, 43.0, 

131, 63.0, 16.0, 73.0, 57.0, 

132, 67.0, -4.0, 63.0, 62.0, 

133, -110.0, 6.0, 71.0, 63.0, 

134, 62.0, 17.0, 48.0, 54.0, 

135, 13.0, -10.0, 77.0, 70.0, 

136, -71.0, -8.0, 95.0, 50.0, 

137, -145.0, 25.0, 54.0, 55.0, 

138, 68.0, 7.0, 69.0, 74.0, 

139, -141.0, 3.0, 68.0, 65.0, 

140, 114.0, -3.0, 68.0, 90.0, 

141, -107.0, -8.0, 89.0, 82.0, 

142, 94.0, 2.0, 69.0, 59.0, 

143, 101.0, 5.0, 75.0, 77.0, 

144, -15.0, 5.0, 51.0, 61.0, 

145, 225.0, -19.0, 72.0, 71.0, 

146, 82.0, -5.0, 90.0, 83.0, 

147, -176.0, 2.0, 73.0, 83.0, 

148, 87.0, -30.0, 70.0, 64.0, 

149, 53.0, 23.0, 55.0, 84.0, 

150, 95.0, 5.0, 76.0, 77.0, 

151, -9.0, 19.0, 61.0, 86.0, 

152, -104.0, -4.0, 72.0, 89.0, 

153, 186.0, -2.0, 60.0, 54.0, 

154, 110.0, 16.0, 57.0, 49.0, 

155, 39.0, 6.0, 66.0, 58.0, 

156, -168.0, 12.0, 53.0, 70.0, 

157, 276.0, 7.0, 94.0, 65.0, 

158, 14.0, 6.0, 67.0, 76.0, 

159, -160.0, 31.0, 79.0, 76.0, 

160, 32.0, 13.0, 45.0, 61.0, 

161, 18.0, -6.0, 54.0, 71.0, 

162, 102.0, 11.0, 77.0, 75.0, 

163, -26.0, 9.0, 81.0, 78.0, 

164, 135.0, 2.0, 60.0, 49.0, 

165, -1.0, -6.0, 78.0, 95.0, 

166, 149.0, -13.0, 75.0, 89.0, 

167, -84.0, -1.0, 54.0, 85.0, 

168, 89.0, 5.0, 62.0, 65.0, 

169, -55.0, 7.0, 69.0, 63.0, 

170, 146.0, -6.0, 60.0, 69.0, 

171, -170.0, 3.0, 74.0, 76.0, 

172, -42.0, 0.0, 51.0, 76.0, 

173, -61.0, 0.0, 75.0, 78.0, 

174, 146.0, 9.0, 47.0, 90.0, 

175, 131.0, 15.0, 57.0, 58.0, 

176, 110.0, 2.0, 62.0, 67.0, 

177, 4.0, 5.0, 68.0, 72.0, 

178, 116.0, 4.0, 62.0, 63.0, 

179, -155.0, -9.0, 55.0, 66.0, 

180, 103.0, 12.0, 75.0, 61.0, 

181, 102.0, 10.0, 78.0, 55.0, 

182, -98.0, 13.0, 81.0, 70.0, 

183, 68.0, 6.0, 57.0, 71.0, 

184, 319.0, 7.0, 72.0, 65.0, 

185, 46.0, 3.0, 58.0, 67.0, 

186, 28.0, -4.0, 60.0, 80.0, 

187, -9.0, 4.0, 64.0, 84.0, 

188, -62.0, 18.0, 79.0, 71.0, 

189, -61.0, 1.0, 71.0, 72.0, 

190, -39.0, -12.0, 56.0, 74.0, 

191, -100.0, 14.0, 75.0, 101.0, 

192, 130.0, 13.0, 65.0, 59.0, 

193, 247.0, -7.0, 57.0, 66.0, 

194, 87.0, 10.0, 60.0, 85.0, 

195, 106.0, 20.0, 69.0, 58.0, 

196, 112.0, -8.0, 61.0, 64.0, 

197, 2.0, 22.0, 66.0, 68.0, 

198, 123.0, 16.0, 65.0, 52.0, 

199, 73.0, 3.0, 65.0, 82.0, 

200, 48.0, 19.0, 66.0, 55.0, 

201, 141.0, 17.0, 61.0, 82.0, 

202, 134.0, 15.0, 65.0, 74.0, 

203, -54.0, -11.0, 80.0, 68.0, 

204, 94.0, 24.0, 77.0, 71.0, 

205, 5.0, 4.0, 47.0, 58.0, 

206, -14.0, -6.0, 65.0, 92.0, 

207, -64.0, 13.0, 57.0, 56.0, 

208, -133.0, 3.0, 66.0, 91.0, 

209, 112.0, -17.0, 77.0, 72.0, 

210, 14.0, 17.0, 71.0, 73.0, 

211, 23.0, 0.0, 63.0, 84.0, 

212, -116.0, 8.0, 73.0, 68.0, 

213, 68.0, 1.0, 80.0, 89.0, 

214, 89.0, 4.0, 76.0, 67.0, 

215, 11.0, 8.0, 59.0, 60.0, 

216, 194.0, -3.0, 46.0, 72.0, 

217, 77.0, 7.0, 78.0, 64.0, 

218, -109.0, -11.0, 75.0, 74.0, 

219, -66.0, 9.0, 60.0, 73.0, 

220, 201.0, 10.0, 75.0, 78.0, 

221, 120.0, 24.0, 78.0, 75.0, 

222, 47.0, 5.0, 58.0, 64.0, 

223, 134.0, 0.0, 71.0, 80.0, 

224, 177.0, -10.0, 65.0, 49.0, 

225, -2.0, 14.0, 46.0, 67.0, 

226, -154.0, 12.0, 70.0, 81.0, 

227, 0.0, 3.0, 71.0, 70.0, 

228, -130.0, -6.0, 68.0, 52.0, 

229, -22.0, 3.0, 64.0, 70.0, 

230, 15.0, -7.0, 79.0, 48.0, 

231, -74.0, 3.0, 65.0, 73.0, 

